%YAML:1.0
mm_per_unit: 1.9
corners:
 - [[0, 284, 0],[80, 284, 0],[80, 204, 0],[0, 204, 0]]
 - [[102, 284, 0],[182, 284, 0],[182, 204, 0],[102, 204, 0]]
 - [[204, 284, 0],[284, 284, 0],[284, 204, 0],[204, 204, 0]]
 - [[0, 182, 0],[80, 182, 0],[80, 102, 0],[0, 102, 0]]
 - [[102, 182, 0],[182, 182, 0],[182, 102, 0],[102, 102, 0]]
 - [[204, 182, 0],[284, 182, 0],[284, 102, 0],[204, 102, 0]]
 - [[0, 80, 0],[80, 80, 0],[80, 0, 0],[0, 0, 0]]
 - [[102, 80, 0],[182, 80, 0],[182, 0, 0],[102, 0, 0]]
 - [[204, 80, 0],[284, 80, 0],[284, 0, 0],[204, 0, 0]]
ids:
 - 0
 - 1
 - 2
 - 3
 - 4
 - 5
 - 6
 - 7
 - 8


