image_width: 640
image_height: 480
camera_name: narrow_stereo
camera_matrix:
  rows: 3
  cols: 3
  data: [636.209064, 0.000000, 304.454134, 0.000000, 638.637320, 233.903052, 0.000000, 0.000000, 1.000000]
distortion_model: plumb_bob
distortion_coefficients:
  rows: 1
  cols: 5
  data: [0.129574, -0.313002, -0.006883, -0.000909, 0.000000]
rectification_matrix:
  rows: 3
  cols: 3
  data: [1.000000, 0.000000, 0.000000, 0.000000, 1.000000, 0.000000, 0.000000, 0.000000, 1.000000]
projection_matrix:
  rows: 3
  cols: 4
  data: [645.038269, 0.000000, 303.664032, 0.000000, 0.000000, 647.433777, 231.746027, 0.000000, 0.000000, 0.000000, 1.000000, 0.000000]
