# oST version 5.0 parameters

[image]

width
640

height
480

[camera]

camera matrix
636.209064 0.000000 304.454134
0.000000 638.637320 233.903052
0.000000 0.000000 1.000000

distortion
0.129574 -0.313002 -0.006883 -0.000909 0.000000

rectification
1.000000 0.000000 0.000000
0.000000 1.000000 0.000000
0.000000 0.000000 1.000000

projection
645.038269 0.000000 303.664032 0.000000
0.000000 647.433777 231.746027 0.000000
0.000000 0.000000 1.000000 0.000000

